1000
0 0 1 1
1 1 2 -2
2 1 3 3
3 1 4 -4
4 1 5 5
5 1 6 -6
6 2 7 7
7 2 8 -8
8 2 9 9
9 2 10 -10
10 2 11 11
11 3 12 -12
12 3 13 13
13 3 14 -14
14 3 15 15
15 3 16 -16
16 4 17 17
17 4 18 -18
18 4 19 19
19 4 20 -20
20 4 21 21
21 5 22 -22
22 5 23 23
23 5 24 -24
24 5 25 25
25 5 26 -26
26 6 27 27
27 6 28 -28
28 6 29 29
29 6 30 -30
30 6 31 31
31 7 32 -32
32 7 33 33
33 7 34 -34
34 7 35 35
35 7 36 -36
36 8 37 37
37 8 38 -38
38 8 39 39
39 8 40 -40
40 8 41 41
41 9 42 -42
42 9 43 43
43 9 44 -44
44 9 45 45
45 9 46 -46
46 10 47 47
47 10 48 -48
48 10 49 49
49 10 50 -50
50 10 51 51
51 11 52 -52
52 11 53 53
53 11 54 -54
54 11 55 55
55 11 56 -56
56 12 57 57
57 12 58 -58
58 12 59 59
59 12 60 -60
60 12 61 61
61 13 62 -62
62 13 63 63
63 13 64 -64
64 13 65 65
65 13 66 -66
66 14 67 67
67 14 68 -68
68 14 69 69
69 14 70 -70
70 14 71 71
71 15 72 -72
72 15 73 73
73 15 74 -74
74 15 75 75
75 15 76 -76
76 16 77 77
77 16 78 -78
78 16 79 79
79 16 80 -80
80 16 81 81
81 17 82 -82
82 17 83 83
83 17 84 -84
84 17 85 85
85 17 86 -86
86 18 87 87
87 18 88 -88
88 18 89 89
89 18 90 -90
90 18 91 91
91 19 92 -92
92 19 93 93
93 19 94 -94
94 19 95 95
95 19 96 -96
96 20 97 97
97 20 98 -98
98 20 99 99
99 20 100 -100
100 20 101 101
101 21 102 -102
102 21 103 103
103 21 104 -104
104 21 105 105
105 21 106 -106
106 22 107 107
107 22 108 -108
108 22 109 109
109 22 110 -110
110 22 111 111
111 23 112 -112
112 23 113 113
113 23 114 -114
114 23 115 115
115 23 116 -116
116 24 117 117
117 24 118 -118
118 24 119 119
119 24 120 -120
120 24 121 121
121 25 122 -122
122 25 123 123
123 25 124 -124
124 25 125 125
125 25 126 -126
126 26 127 127
127 26 128 -128
128 26 129 129
129 26 130 -130
130 26 131 131
131 27 132 -132
132 27 133 133
133 27 134 -134
134 27 135 135
135 27 136 -136
136 28 137 137
137 28 138 -138
138 28 139 139
139 28 140 -140
140 28 141 141
141 29 142 -142
142 29 143 143
143 29 144 -144
144 29 145 145
145 29 146 -146
146 30 147 147
147 30 148 -148
148 30 149 149
149 30 150 -150
150 30 151 151
151 31 152 -152
152 31 153 153
153 31 154 -154
154 31 155 155
155 31 156 -156
156 32 157 157
157 32 158 -158
158 32 159 159
159 32 160 -160
160 32 161 161
161 33 162 -162
162 33 163 163
163 33 164 -164
164 33 165 165
165 33 166 -166
166 34 167 167
167 34 168 -168
168 34 169 169
169 34 170 -170
170 34 171 171
171 35 172 -172
172 35 173 173
173 35 174 -174
174 35 175 175
175 35 176 -176
176 36 177 177
177 36 178 -178
178 36 179 179
179 36 180 -180
180 36 181 181
181 37 182 -182
182 37 183 183
183 37 184 -184
184 37 185 185
185 37 186 -186
186 38 187 187
187 38 188 -188
188 38 189 189
189 38 190 -190
190 38 191 191
191 39 192 -192
192 39 193 193
193 39 194 -194
194 39 195 195
195 39 196 -196
196 40 197 197
197 40 198 -198
198 40 199 199
199 40 200 -200
200 40 201 201
201 41 202 -202
202 41 203 203
203 41 204 -204
204 41 205 205
205 41 206 -206
206 42 207 207
207 42 208 -208
208 42 209 209
209 42 210 -210
210 42 211 211
211 43 212 -212
212 43 213 213
213 43 214 -214
214 43 215 215
215 43 216 -216
216 44 217 217
217 44 218 -218
218 44 219 219
219 44 220 -220
220 44 221 221
221 45 222 -222
222 45 223 223
223 45 224 -224
224 45 225 225
225 45 226 -226
226 46 227 227
227 46 228 -228
228 46 229 229
229 46 230 -230
230 46 231 231
231 47 232 -232
232 47 233 233
233 47 234 -234
234 47 235 235
235 47 236 -236
236 48 237 237
237 48 238 -238
238 48 239 239
239 48 240 -240
240 48 241 241
241 49 242 -242
242 49 243 243
243 49 244 -244
244 49 245 245
245 49 246 -246
246 50 247 247
247 50 248 -248
248 50 249 249
249 50 250 -250
250 50 251 251
251 51 252 -252
252 51 253 253
253 51 254 -254
254 51 255 255
255 51 256 -256
256 52 257 257
257 52 258 -258
258 52 259 259
259 52 260 -260
260 52 261 261
261 53 262 -262
262 53 263 263
263 53 264 -264
264 53 265 265
265 53 266 -266
266 54 267 267
267 54 268 -268
268 54 269 269
269 54 270 -270
270 54 271 271
271 55 272 -272
272 55 273 273
273 55 274 -274
274 55 275 275
275 55 276 -276
276 56 277 277
277 56 278 -278
278 56 279 279
279 56 280 -280
280 56 281 281
281 57 282 -282
282 57 283 283
283 57 284 -284
284 57 285 285
285 57 286 -286
286 58 287 287
287 58 288 -288
288 58 289 289
289 58 290 -290
290 58 291 291
291 59 292 -292
292 59 293 293
293 59 294 -294
294 59 295 295
295 59 296 -296
296 60 297 297
297 60 298 -298
298 60 299 299
299 60 300 -300
300 60 301 301
301 61 302 -302
302 61 303 303
303 61 304 -304
304 61 305 305
305 61 306 -306
306 62 307 307
307 62 308 -308
308 62 309 309
309 62 310 -310
310 62 311 311
311 63 312 -312
312 63 313 313
313 63 314 -314
314 63 315 315
315 63 316 -316
316 64 317 317
317 64 318 -318
318 64 319 319
319 64 320 -320
320 64 321 321
321 65 322 -322
322 65 323 323
323 65 324 -324
324 65 325 325
325 65 326 -326
326 66 327 327
327 66 328 -328
328 66 329 329
329 66 330 -330
330 66 331 331
331 67 332 -332
332 67 333 333
333 67 334 -334
334 67 335 335
335 67 336 -336
336 68 337 337
337 68 338 -338
338 68 339 339
339 68 340 -340
340 68 341 341
341 69 342 -342
342 69 343 343
343 69 344 -344
344 69 345 345
345 69 346 -346
346 70 347 347
347 70 348 -348
348 70 349 349
349 70 350 -350
350 70 351 351
351 71 352 -352
352 71 353 353
353 71 354 -354
354 71 355 355
355 71 356 -356
356 72 357 357
357 72 358 -358
358 72 359 359
359 72 360 -360
360 72 361 361
361 73 362 -362
362 73 363 363
363 73 364 -364
364 73 365 365
365 73 366 -366
366 74 367 367
367 74 368 -368
368 74 369 369
369 74 370 -370
370 74 371 371
371 75 372 -372
372 75 373 373
373 75 374 -374
374 75 375 375
375 75 376 -376
376 76 377 377
377 76 378 -378
378 76 379 379
379 76 380 -380
380 76 381 381
381 77 382 -382
382 77 383 383
383 77 384 -384
384 77 385 385
385 77 386 -386
386 78 387 387
387 78 388 -388
388 78 389 389
389 78 390 -390
390 78 391 391
391 79 392 -392
392 79 393 393
393 79 394 -394
394 79 395 395
395 79 396 -396
396 80 397 397
397 80 398 -398
398 80 399 399
399 80 400 -400
400 80 401 401
401 81 402 -402
402 81 403 403
403 81 404 -404
404 81 405 405
405 81 406 -406
406 82 407 407
407 82 408 -408
408 82 409 409
409 82 410 -410
410 82 411 411
411 83 412 -412
412 83 413 413
413 83 414 -414
414 83 415 415
415 83 416 -416
416 84 417 417
417 84 418 -418
418 84 419 419
419 84 420 -420
420 84 421 421
421 85 422 -422
422 85 423 423
423 85 424 -424
424 85 425 425
425 85 426 -426
426 86 427 427
427 86 428 -428
428 86 429 429
429 86 430 -430
430 86 431 431
431 87 432 -432
432 87 433 433
433 87 434 -434
434 87 435 435
435 87 436 -436
436 88 437 437
437 88 438 -438
438 88 439 439
439 88 440 -440
440 88 441 441
441 89 442 -442
442 89 443 443
443 89 444 -444
444 89 445 445
445 89 446 -446
446 90 447 447
447 90 448 -448
448 90 449 449
449 90 450 -450
450 90 451 451
451 91 452 -452
452 91 453 453
453 91 454 -454
454 91 455 455
455 91 456 -456
456 92 457 457
457 92 458 -458
458 92 459 459
459 92 460 -460
460 92 461 461
461 93 462 -462
462 93 463 463
463 93 464 -464
464 93 465 465
465 93 466 -466
466 94 467 467
467 94 468 -468
468 94 469 469
469 94 470 -470
470 94 471 471
471 95 472 -472
472 95 473 473
473 95 474 -474
474 95 475 475
475 95 476 -476
476 96 477 477
477 96 478 -478
478 96 479 479
479 96 480 -480
480 96 481 481
481 97 482 -482
482 97 483 483
483 97 484 -484
484 97 485 485
485 97 486 -486
486 98 487 487
487 98 488 -488
488 98 489 489
489 98 490 -490
490 98 491 491
491 99 492 -492
492 99 493 493
493 99 494 -494
494 99 495 495
495 99 496 -496
496 100 497 497
497 100 498 -498
498 100 499 499
499 100 500 -500
500 100 501 501
501 101 502 -502
502 101 503 503
503 101 504 -504
504 101 505 505
505 101 506 -506
506 102 507 507
507 102 508 -508
508 102 509 509
509 102 510 -510
510 102 511 511
511 103 512 -512
512 103 513 513
513 103 514 -514
514 103 515 515
515 103 516 -516
516 104 517 517
517 104 518 -518
518 104 519 519
519 104 520 -520
520 104 521 521
521 105 522 -522
522 105 523 523
523 105 524 -524
524 105 525 525
525 105 526 -526
526 106 527 527
527 106 528 -528
528 106 529 529
529 106 530 -530
530 106 531 531
531 107 532 -532
532 107 533 533
533 107 534 -534
534 107 535 535
535 107 536 -536
536 108 537 537
537 108 538 -538
538 108 539 539
539 108 540 -540
540 108 541 541
541 109 542 -542
542 109 543 543
543 109 544 -544
544 109 545 545
545 109 546 -546
546 110 547 547
547 110 548 -548
548 110 549 549
549 110 550 -550
550 110 551 551
551 111 552 -552
552 111 553 553
553 111 554 -554
554 111 555 555
555 111 556 -556
556 112 557 557
557 112 558 -558
558 112 559 559
559 112 560 -560
560 112 561 561
561 113 562 -562
562 113 563 563
563 113 564 -564
564 113 565 565
565 113 566 -566
566 114 567 567
567 114 568 -568
568 114 569 569
569 114 570 -570
570 114 571 571
571 115 572 -572
572 115 573 573
573 115 574 -574
574 115 575 575
575 115 576 -576
576 116 577 577
577 116 578 -578
578 116 579 579
579 116 580 -580
580 116 581 581
581 117 582 -582
582 117 583 583
583 117 584 -584
584 117 585 585
585 117 586 -586
586 118 587 587
587 118 588 -588
588 118 589 589
589 118 590 -590
590 118 591 591
591 119 592 -592
592 119 593 593
593 119 594 -594
594 119 595 595
595 119 596 -596
596 120 597 597
597 120 598 -598
598 120 599 599
599 120 600 -600
600 120 601 601
601 121 602 -602
602 121 603 603
603 121 604 -604
604 121 605 605
605 121 606 -606
606 122 607 607
607 122 608 -608
608 122 609 609
609 122 610 -610
610 122 611 611
611 123 612 -612
612 123 613 613
613 123 614 -614
614 123 615 615
615 123 616 -616
616 124 617 617
617 124 618 -618
618 124 619 619
619 124 620 -620
620 124 621 621
621 125 622 -622
622 125 623 623
623 125 624 -624
624 125 625 625
625 125 626 -626
626 126 627 627
627 126 628 -628
628 126 629 629
629 126 630 -630
630 126 631 631
631 127 632 -632
632 127 633 633
633 127 634 -634
634 127 635 635
635 127 636 -636
636 128 637 637
637 128 638 -638
638 128 639 639
639 128 640 -640
640 128 641 641
641 129 642 -642
642 129 643 643
643 129 644 -644
644 129 645 645
645 129 646 -646
646 130 647 647
647 130 648 -648
648 130 649 649
649 130 650 -650
650 130 651 651
651 131 652 -652
652 131 653 653
653 131 654 -654
654 131 655 655
655 131 656 -656
656 132 657 657
657 132 658 -658
658 132 659 659
659 132 660 -660
660 132 661 661
661 133 662 -662
662 133 663 663
663 133 664 -664
664 133 665 665
665 133 666 -666
666 134 667 667
667 134 668 -668
668 134 669 669
669 134 670 -670
670 134 671 671
671 135 672 -672
672 135 673 673
673 135 674 -674
674 135 675 675
675 135 676 -676
676 136 677 677
677 136 678 -678
678 136 679 679
679 136 680 -680
680 136 681 681
681 137 682 -682
682 137 683 683
683 137 684 -684
684 137 685 685
685 137 686 -686
686 138 687 687
687 138 688 -688
688 138 689 689
689 138 690 -690
690 138 691 691
691 139 692 -692
692 139 693 693
693 139 694 -694
694 139 695 695
695 139 696 -696
696 140 697 697
697 140 698 -698
698 140 699 699
699 140 700 -700
700 140 701 701
701 141 702 -702
702 141 703 703
703 141 704 -704
704 141 705 705
705 141 706 -706
706 142 707 707
707 142 708 -708
708 142 709 709
709 142 710 -710
710 142 711 711
711 143 712 -712
712 143 713 713
713 143 714 -714
714 143 715 715
715 143 716 -716
716 144 717 717
717 144 718 -718
718 144 719 719
719 144 720 -720
720 144 721 721
721 145 722 -722
722 145 723 723
723 145 724 -724
724 145 725 725
725 145 726 -726
726 146 727 727
727 146 728 -728
728 146 729 729
729 146 730 -730
730 146 731 731
731 147 732 -732
732 147 733 733
733 147 734 -734
734 147 735 735
735 147 736 -736
736 148 737 737
737 148 738 -738
738 148 739 739
739 148 740 -740
740 148 741 741
741 149 742 -742
742 149 743 743
743 149 744 -744
744 149 745 745
745 149 746 -746
746 150 747 747
747 150 748 -748
748 150 749 749
749 150 750 -750
750 150 751 751
751 151 752 -752
752 151 753 753
753 151 754 -754
754 151 755 755
755 151 756 -756
756 152 757 757
757 152 758 -758
758 152 759 759
759 152 760 -760
760 152 761 761
761 153 762 -762
762 153 763 763
763 153 764 -764
764 153 765 765
765 153 766 -766
766 154 767 767
767 154 768 -768
768 154 769 769
769 154 770 -770
770 154 771 771
771 155 772 -772
772 155 773 773
773 155 774 -774
774 155 775 775
775 155 776 -776
776 156 777 777
777 156 778 -778
778 156 779 779
779 156 780 -780
780 156 781 781
781 157 782 -782
782 157 783 783
783 157 784 -784
784 157 785 785
785 157 786 -786
786 158 787 787
787 158 788 -788
788 158 789 789
789 158 790 -790
790 158 791 791
791 159 792 -792
792 159 793 793
793 159 794 -794
794 159 795 795
795 159 796 -796
796 160 797 797
797 160 798 -798
798 160 799 799
799 160 800 -800
800 160 801 801
801 161 802 -802
802 161 803 803
803 161 804 -804
804 161 805 805
805 161 806 -806
806 162 807 807
807 162 808 -808
808 162 809 809
809 162 810 -810
810 162 811 811
811 163 812 -812
812 163 813 813
813 163 814 -814
814 163 815 815
815 163 816 -816
816 164 817 817
817 164 818 -818
818 164 819 819
819 164 820 -820
820 164 821 821
821 165 822 -822
822 165 823 823
823 165 824 -824
824 165 825 825
825 165 826 -826
826 166 827 827
827 166 828 -828
828 166 829 829
829 166 830 -830
830 166 831 831
831 167 832 -832
832 167 833 833
833 167 834 -834
834 167 835 835
835 167 836 -836
836 168 837 837
837 168 838 -838
838 168 839 839
839 168 840 -840
840 168 841 841
841 169 842 -842
842 169 843 843
843 169 844 -844
844 169 845 845
845 169 846 -846
846 170 847 847
847 170 848 -848
848 170 849 849
849 170 850 -850
850 170 851 851
851 171 852 -852
852 171 853 853
853 171 854 -854
854 171 855 855
855 171 856 -856
856 172 857 857
857 172 858 -858
858 172 859 859
859 172 860 -860
860 172 861 861
861 173 862 -862
862 173 863 863
863 173 864 -864
864 173 865 865
865 173 866 -866
866 174 867 867
867 174 868 -868
868 174 869 869
869 174 870 -870
870 174 871 871
871 175 872 -872
872 175 873 873
873 175 874 -874
874 175 875 875
875 175 876 -876
876 176 877 877
877 176 878 -878
878 176 879 879
879 176 880 -880
880 176 881 881
881 177 882 -882
882 177 883 883
883 177 884 -884
884 177 885 885
885 177 886 -886
886 178 887 887
887 178 888 -888
888 178 889 889
889 178 890 -890
890 178 891 891
891 179 892 -892
892 179 893 893
893 179 894 -894
894 179 895 895
895 179 896 -896
896 180 897 897
897 180 898 -898
898 180 899 899
899 180 900 -900
900 180 901 901
901 181 902 -902
902 181 903 903
903 181 904 -904
904 181 905 905
905 181 906 -906
906 182 907 907
907 182 908 -908
908 182 909 909
909 182 910 -910
910 182 911 911
911 183 912 -912
912 183 913 913
913 183 914 -914
914 183 915 915
915 183 916 -916
916 184 917 917
917 184 918 -918
918 184 919 919
919 184 920 -920
920 184 921 921
921 185 922 -922
922 185 923 923
923 185 924 -924
924 185 925 925
925 185 926 -926
926 186 927 927
927 186 928 -928
928 186 929 929
929 186 930 -930
930 186 931 931
931 187 932 -932
932 187 933 933
933 187 934 -934
934 187 935 935
935 187 936 -936
936 188 937 937
937 188 938 -938
938 188 939 939
939 188 940 -940
940 188 941 941
941 189 942 -942
942 189 943 943
943 189 944 -944
944 189 945 945
945 189 946 -946
946 190 947 947
947 190 948 -948
948 190 949 949
949 190 950 -950
950 190 951 951
951 191 952 -952
952 191 953 953
953 191 954 -954
954 191 955 955
955 191 956 -956
956 192 957 957
957 192 958 -958
958 192 959 959
959 192 960 -960
960 192 961 961
961 193 962 -962
962 193 963 963
963 193 964 -964
964 193 965 965
965 193 966 -966
966 194 967 967
967 194 968 -968
968 194 969 969
969 194 970 -970
970 194 971 971
971 195 972 -972
972 195 973 973
973 195 974 -974
974 195 975 975
975 195 976 -976
976 196 977 977
977 196 978 -978
978 196 979 979
979 196 980 -980
980 196 981 981
981 197 982 -982
982 197 983 983
983 197 984 -984
984 197 985 985
985 197 986 -986
986 198 987 987
987 198 988 -988
988 198 989 989
989 198 990 -990
990 198 991 991
991 199 992 -992
992 199 993 993
993 199 994 -994
994 199 995 995
995 199 996 -996
996 200 997 997
997 200 998 -998
998 200 999 999
