100
0 0 1 1
1 1 2 -2
2 1 3 3
3 1 4 -4
4 1 5 5
5 1 6 -6
6 2 7 7
7 2 8 -8
8 2 9 9
9 2 10 -10
10 2 11 11
11 3 12 -12
12 3 13 13
13 3 14 -14
14 3 15 15
15 3 16 -16
16 4 17 17
17 4 18 -18
18 4 19 19
19 4 20 -20
20 4 21 21
21 5 22 -22
22 5 23 23
23 5 24 -24
24 5 25 25
25 5 26 -26
26 6 27 27
27 6 28 -28
28 6 29 29
29 6 30 -30
30 6 31 31
31 7 32 -32
32 7 33 33
33 7 34 -34
34 7 35 35
35 7 36 -36
36 8 37 37
37 8 38 -38
38 8 39 39
39 8 40 -40
40 8 41 41
41 9 42 -42
42 9 43 43
43 9 44 -44
44 9 45 45
45 9 46 -46
46 10 47 47
47 10 48 -48
48 10 49 49
49 10 50 -50
50 10 51 51
51 11 52 -52
52 11 53 53
53 11 54 -54
54 11 55 55
55 11 56 -56
56 12 57 57
57 12 58 -58
58 12 59 59
59 12 60 -60
60 12 61 61
61 13 62 -62
62 13 63 63
63 13 64 -64
64 13 65 65
65 13 66 -66
66 14 67 67
67 14 68 -68
68 14 69 69
69 14 70 -70
70 14 71 71
71 15 72 -72
72 15 73 73
73 15 74 -74
74 15 75 75
75 15 76 -76
76 16 77 77
77 16 78 -78
78 16 79 79
79 16 80 -80
80 16 81 81
81 17 82 -82
82 17 83 83
83 17 84 -84
84 17 85 85
85 17 86 -86
86 18 87 87
87 18 88 -88
88 18 89 89
89 18 90 -90
90 18 91 91
91 19 92 -92
92 19 93 93
93 19 94 -94
94 19 95 95
95 19 96 -96
96 20 97 97
97 20 98 -98
98 20 99 99
