100
0 0 1 2
1 0 2 -2
2 0 3 2
3 0 4 -2
4 0 5 2
5 0 6 -2
6 0 7 2
7 0 8 -2
8 0 9 2
9 0 10 -2
10 0 11 2
11 1 12 -4
12 1 13 4
13 1 14 -4
14 1 15 4
15 1 16 -4
16 1 17 4
17 1 18 -4
18 1 19 4
19 1 20 -4
20 1 21 4
21 2 22 -6
22 2 23 6
23 2 24 -6
24 2 25 6
25 2 26 -6
26 2 27 6
27 2 28 -6
28 2 29 6
29 2 30 -6
30 2 31 6
31 3 32 -8
32 3 33 8
33 3 34 -8
34 3 35 8
35 3 36 -8
36 3 37 8
37 3 38 -8
38 3 39 8
39 3 40 -8
40 3 41 8
41 4 42 -10
42 4 43 10
43 4 44 -10
44 4 45 10
45 4 46 -10
46 4 47 10
47 4 48 -10
48 4 49 10
49 4 50 -10
50 4 51 10
51 5 52 -12
52 5 53 12
53 5 54 -12
54 5 55 12
55 5 56 -12
56 5 57 12
57 5 58 -12
58 5 59 12
59 5 60 -12
60 5 61 12
61 6 62 -14
62 6 63 14
63 6 64 -14
64 6 65 14
65 6 66 -14
66 6 67 14
67 6 68 -14
68 6 69 14
69 6 70 -14
70 6 71 14
71 7 72 -16
72 7 73 16
73 7 74 -16
74 7 75 16
75 7 76 -16
76 7 77 16
77 7 78 -16
78 7 79 16
79 7 80 -16
80 7 81 16
81 8 82 -18
82 8 83 18
83 8 84 -18
84 8 85 18
85 8 86 -18
86 8 87 18
87 8 88 -18
88 8 89 18
89 8 90 -18
90 8 91 18
91 9 92 -20
92 9 93 20
93 9 94 -20
94 9 95 20
95 9 96 -20
96 9 97 20
97 9 98 -20
98 9 99 20
