1000
0 0 1 -2
1 0 2 2
2 0 3 -2
3 0 4 2
4 0 5 -2
5 0 6 2
6 0 7 -2
7 0 8 2
8 0 9 -2
9 0 10 2
10 0 11 -2
11 1 12 4
12 1 13 -4
13 1 14 4
14 1 15 -4
15 1 16 4
16 1 17 -4
17 1 18 4
18 1 19 -4
19 1 20 4
20 1 21 -4
21 2 22 6
22 2 23 -6
23 2 24 6
24 2 25 -6
25 2 26 6
26 2 27 -6
27 2 28 6
28 2 29 -6
29 2 30 6
30 2 31 -6
31 3 32 8
32 3 33 -8
33 3 34 8
34 3 35 -8
35 3 36 8
36 3 37 -8
37 3 38 8
38 3 39 -8
39 3 40 8
40 3 41 -8
41 4 42 10
42 4 43 -10
43 4 44 10
44 4 45 -10
45 4 46 10
46 4 47 -10
47 4 48 10
48 4 49 -10
49 4 50 10
50 4 51 -10
51 5 52 12
52 5 53 -12
53 5 54 12
54 5 55 -12
55 5 56 12
56 5 57 -12
57 5 58 12
58 5 59 -12
59 5 60 12
60 5 61 -12
61 6 62 14
62 6 63 -14
63 6 64 14
64 6 65 -14
65 6 66 14
66 6 67 -14
67 6 68 14
68 6 69 -14
69 6 70 14
70 6 71 -14
71 7 72 16
72 7 73 -16
73 7 74 16
74 7 75 -16
75 7 76 16
76 7 77 -16
77 7 78 16
78 7 79 -16
79 7 80 16
80 7 81 -16
81 8 82 18
82 8 83 -18
83 8 84 18
84 8 85 -18
85 8 86 18
86 8 87 -18
87 8 88 18
88 8 89 -18
89 8 90 18
90 8 91 -18
91 9 92 20
92 9 93 -20
93 9 94 20
94 9 95 -20
95 9 96 20
96 9 97 -20
97 9 98 20
98 9 99 -20
99 9 100 20
100 9 101 -20
101 10 102 22
102 10 103 -22
103 10 104 22
104 10 105 -22
105 10 106 22
106 10 107 -22
107 10 108 22
108 10 109 -22
109 10 110 22
110 10 111 -22
111 11 112 24
112 11 113 -24
113 11 114 24
114 11 115 -24
115 11 116 24
116 11 117 -24
117 11 118 24
118 11 119 -24
119 11 120 24
120 11 121 -24
121 12 122 26
122 12 123 -26
123 12 124 26
124 12 125 -26
125 12 126 26
126 12 127 -26
127 12 128 26
128 12 129 -26
129 12 130 26
130 12 131 -26
131 13 132 28
132 13 133 -28
133 13 134 28
134 13 135 -28
135 13 136 28
136 13 137 -28
137 13 138 28
138 13 139 -28
139 13 140 28
140 13 141 -28
141 14 142 30
142 14 143 -30
143 14 144 30
144 14 145 -30
145 14 146 30
146 14 147 -30
147 14 148 30
148 14 149 -30
149 14 150 30
150 14 151 -30
151 15 152 32
152 15 153 -32
153 15 154 32
154 15 155 -32
155 15 156 32
156 15 157 -32
157 15 158 32
158 15 159 -32
159 15 160 32
160 15 161 -32
161 16 162 34
162 16 163 -34
163 16 164 34
164 16 165 -34
165 16 166 34
166 16 167 -34
167 16 168 34
168 16 169 -34
169 16 170 34
170 16 171 -34
171 17 172 36
172 17 173 -36
173 17 174 36
174 17 175 -36
175 17 176 36
176 17 177 -36
177 17 178 36
178 17 179 -36
179 17 180 36
180 17 181 -36
181 18 182 38
182 18 183 -38
183 18 184 38
184 18 185 -38
185 18 186 38
186 18 187 -38
187 18 188 38
188 18 189 -38
189 18 190 38
190 18 191 -38
191 19 192 40
192 19 193 -40
193 19 194 40
194 19 195 -40
195 19 196 40
196 19 197 -40
197 19 198 40
198 19 199 -40
199 19 200 40
200 19 201 -40
201 20 202 42
202 20 203 -42
203 20 204 42
204 20 205 -42
205 20 206 42
206 20 207 -42
207 20 208 42
208 20 209 -42
209 20 210 42
210 20 211 -42
211 21 212 44
212 21 213 -44
213 21 214 44
214 21 215 -44
215 21 216 44
216 21 217 -44
217 21 218 44
218 21 219 -44
219 21 220 44
220 21 221 -44
221 22 222 46
222 22 223 -46
223 22 224 46
224 22 225 -46
225 22 226 46
226 22 227 -46
227 22 228 46
228 22 229 -46
229 22 230 46
230 22 231 -46
231 23 232 48
232 23 233 -48
233 23 234 48
234 23 235 -48
235 23 236 48
236 23 237 -48
237 23 238 48
238 23 239 -48
239 23 240 48
240 23 241 -48
241 24 242 50
242 24 243 -50
243 24 244 50
244 24 245 -50
245 24 246 50
246 24 247 -50
247 24 248 50
248 24 249 -50
249 24 250 50
250 24 251 -50
251 25 252 52
252 25 253 -52
253 25 254 52
254 25 255 -52
255 25 256 52
256 25 257 -52
257 25 258 52
258 25 259 -52
259 25 260 52
260 25 261 -52
261 26 262 54
262 26 263 -54
263 26 264 54
264 26 265 -54
265 26 266 54
266 26 267 -54
267 26 268 54
268 26 269 -54
269 26 270 54
270 26 271 -54
271 27 272 56
272 27 273 -56
273 27 274 56
274 27 275 -56
275 27 276 56
276 27 277 -56
277 27 278 56
278 27 279 -56
279 27 280 56
280 27 281 -56
281 28 282 58
282 28 283 -58
283 28 284 58
284 28 285 -58
285 28 286 58
286 28 287 -58
287 28 288 58
288 28 289 -58
289 28 290 58
290 28 291 -58
291 29 292 60
292 29 293 -60
293 29 294 60
294 29 295 -60
295 29 296 60
296 29 297 -60
297 29 298 60
298 29 299 -60
299 29 300 60
300 29 301 -60
301 30 302 62
302 30 303 -62
303 30 304 62
304 30 305 -62
305 30 306 62
306 30 307 -62
307 30 308 62
308 30 309 -62
309 30 310 62
310 30 311 -62
311 31 312 64
312 31 313 -64
313 31 314 64
314 31 315 -64
315 31 316 64
316 31 317 -64
317 31 318 64
318 31 319 -64
319 31 320 64
320 31 321 -64
321 32 322 66
322 32 323 -66
323 32 324 66
324 32 325 -66
325 32 326 66
326 32 327 -66
327 32 328 66
328 32 329 -66
329 32 330 66
330 32 331 -66
331 33 332 68
332 33 333 -68
333 33 334 68
334 33 335 -68
335 33 336 68
336 33 337 -68
337 33 338 68
338 33 339 -68
339 33 340 68
340 33 341 -68
341 34 342 70
342 34 343 -70
343 34 344 70
344 34 345 -70
345 34 346 70
346 34 347 -70
347 34 348 70
348 34 349 -70
349 34 350 70
350 34 351 -70
351 35 352 72
352 35 353 -72
353 35 354 72
354 35 355 -72
355 35 356 72
356 35 357 -72
357 35 358 72
358 35 359 -72
359 35 360 72
360 35 361 -72
361 36 362 74
362 36 363 -74
363 36 364 74
364 36 365 -74
365 36 366 74
366 36 367 -74
367 36 368 74
368 36 369 -74
369 36 370 74
370 36 371 -74
371 37 372 76
372 37 373 -76
373 37 374 76
374 37 375 -76
375 37 376 76
376 37 377 -76
377 37 378 76
378 37 379 -76
379 37 380 76
380 37 381 -76
381 38 382 78
382 38 383 -78
383 38 384 78
384 38 385 -78
385 38 386 78
386 38 387 -78
387 38 388 78
388 38 389 -78
389 38 390 78
390 38 391 -78
391 39 392 80
392 39 393 -80
393 39 394 80
394 39 395 -80
395 39 396 80
396 39 397 -80
397 39 398 80
398 39 399 -80
399 39 400 80
400 39 401 -80
401 40 402 82
402 40 403 -82
403 40 404 82
404 40 405 -82
405 40 406 82
406 40 407 -82
407 40 408 82
408 40 409 -82
409 40 410 82
410 40 411 -82
411 41 412 84
412 41 413 -84
413 41 414 84
414 41 415 -84
415 41 416 84
416 41 417 -84
417 41 418 84
418 41 419 -84
419 41 420 84
420 41 421 -84
421 42 422 86
422 42 423 -86
423 42 424 86
424 42 425 -86
425 42 426 86
426 42 427 -86
427 42 428 86
428 42 429 -86
429 42 430 86
430 42 431 -86
431 43 432 88
432 43 433 -88
433 43 434 88
434 43 435 -88
435 43 436 88
436 43 437 -88
437 43 438 88
438 43 439 -88
439 43 440 88
440 43 441 -88
441 44 442 90
442 44 443 -90
443 44 444 90
444 44 445 -90
445 44 446 90
446 44 447 -90
447 44 448 90
448 44 449 -90
449 44 450 90
450 44 451 -90
451 45 452 92
452 45 453 -92
453 45 454 92
454 45 455 -92
455 45 456 92
456 45 457 -92
457 45 458 92
458 45 459 -92
459 45 460 92
460 45 461 -92
461 46 462 94
462 46 463 -94
463 46 464 94
464 46 465 -94
465 46 466 94
466 46 467 -94
467 46 468 94
468 46 469 -94
469 46 470 94
470 46 471 -94
471 47 472 96
472 47 473 -96
473 47 474 96
474 47 475 -96
475 47 476 96
476 47 477 -96
477 47 478 96
478 47 479 -96
479 47 480 96
480 47 481 -96
481 48 482 98
482 48 483 -98
483 48 484 98
484 48 485 -98
485 48 486 98
486 48 487 -98
487 48 488 98
488 48 489 -98
489 48 490 98
490 48 491 -98
491 49 492 100
492 49 493 -100
493 49 494 100
494 49 495 -100
495 49 496 100
496 49 497 -100
497 49 498 100
498 49 499 -100
499 49 500 100
500 49 501 -100
501 50 502 102
502 50 503 -102
503 50 504 102
504 50 505 -102
505 50 506 102
506 50 507 -102
507 50 508 102
508 50 509 -102
509 50 510 102
510 50 511 -102
511 51 512 104
512 51 513 -104
513 51 514 104
514 51 515 -104
515 51 516 104
516 51 517 -104
517 51 518 104
518 51 519 -104
519 51 520 104
520 51 521 -104
521 52 522 106
522 52 523 -106
523 52 524 106
524 52 525 -106
525 52 526 106
526 52 527 -106
527 52 528 106
528 52 529 -106
529 52 530 106
530 52 531 -106
531 53 532 108
532 53 533 -108
533 53 534 108
534 53 535 -108
535 53 536 108
536 53 537 -108
537 53 538 108
538 53 539 -108
539 53 540 108
540 53 541 -108
541 54 542 110
542 54 543 -110
543 54 544 110
544 54 545 -110
545 54 546 110
546 54 547 -110
547 54 548 110
548 54 549 -110
549 54 550 110
550 54 551 -110
551 55 552 112
552 55 553 -112
553 55 554 112
554 55 555 -112
555 55 556 112
556 55 557 -112
557 55 558 112
558 55 559 -112
559 55 560 112
560 55 561 -112
561 56 562 114
562 56 563 -114
563 56 564 114
564 56 565 -114
565 56 566 114
566 56 567 -114
567 56 568 114
568 56 569 -114
569 56 570 114
570 56 571 -114
571 57 572 116
572 57 573 -116
573 57 574 116
574 57 575 -116
575 57 576 116
576 57 577 -116
577 57 578 116
578 57 579 -116
579 57 580 116
580 57 581 -116
581 58 582 118
582 58 583 -118
583 58 584 118
584 58 585 -118
585 58 586 118
586 58 587 -118
587 58 588 118
588 58 589 -118
589 58 590 118
590 58 591 -118
591 59 592 120
592 59 593 -120
593 59 594 120
594 59 595 -120
595 59 596 120
596 59 597 -120
597 59 598 120
598 59 599 -120
599 59 600 120
600 59 601 -120
601 60 602 122
602 60 603 -122
603 60 604 122
604 60 605 -122
605 60 606 122
606 60 607 -122
607 60 608 122
608 60 609 -122
609 60 610 122
610 60 611 -122
611 61 612 124
612 61 613 -124
613 61 614 124
614 61 615 -124
615 61 616 124
616 61 617 -124
617 61 618 124
618 61 619 -124
619 61 620 124
620 61 621 -124
621 62 622 126
622 62 623 -126
623 62 624 126
624 62 625 -126
625 62 626 126
626 62 627 -126
627 62 628 126
628 62 629 -126
629 62 630 126
630 62 631 -126
631 63 632 128
632 63 633 -128
633 63 634 128
634 63 635 -128
635 63 636 128
636 63 637 -128
637 63 638 128
638 63 639 -128
639 63 640 128
640 63 641 -128
641 64 642 130
642 64 643 -130
643 64 644 130
644 64 645 -130
645 64 646 130
646 64 647 -130
647 64 648 130
648 64 649 -130
649 64 650 130
650 64 651 -130
651 65 652 132
652 65 653 -132
653 65 654 132
654 65 655 -132
655 65 656 132
656 65 657 -132
657 65 658 132
658 65 659 -132
659 65 660 132
660 65 661 -132
661 66 662 134
662 66 663 -134
663 66 664 134
664 66 665 -134
665 66 666 134
666 66 667 -134
667 66 668 134
668 66 669 -134
669 66 670 134
670 66 671 -134
671 67 672 136
672 67 673 -136
673 67 674 136
674 67 675 -136
675 67 676 136
676 67 677 -136
677 67 678 136
678 67 679 -136
679 67 680 136
680 67 681 -136
681 68 682 138
682 68 683 -138
683 68 684 138
684 68 685 -138
685 68 686 138
686 68 687 -138
687 68 688 138
688 68 689 -138
689 68 690 138
690 68 691 -138
691 69 692 140
692 69 693 -140
693 69 694 140
694 69 695 -140
695 69 696 140
696 69 697 -140
697 69 698 140
698 69 699 -140
699 69 700 140
700 69 701 -140
701 70 702 142
702 70 703 -142
703 70 704 142
704 70 705 -142
705 70 706 142
706 70 707 -142
707 70 708 142
708 70 709 -142
709 70 710 142
710 70 711 -142
711 71 712 144
712 71 713 -144
713 71 714 144
714 71 715 -144
715 71 716 144
716 71 717 -144
717 71 718 144
718 71 719 -144
719 71 720 144
720 71 721 -144
721 72 722 146
722 72 723 -146
723 72 724 146
724 72 725 -146
725 72 726 146
726 72 727 -146
727 72 728 146
728 72 729 -146
729 72 730 146
730 72 731 -146
731 73 732 148
732 73 733 -148
733 73 734 148
734 73 735 -148
735 73 736 148
736 73 737 -148
737 73 738 148
738 73 739 -148
739 73 740 148
740 73 741 -148
741 74 742 150
742 74 743 -150
743 74 744 150
744 74 745 -150
745 74 746 150
746 74 747 -150
747 74 748 150
748 74 749 -150
749 74 750 150
750 74 751 -150
751 75 752 152
752 75 753 -152
753 75 754 152
754 75 755 -152
755 75 756 152
756 75 757 -152
757 75 758 152
758 75 759 -152
759 75 760 152
760 75 761 -152
761 76 762 154
762 76 763 -154
763 76 764 154
764 76 765 -154
765 76 766 154
766 76 767 -154
767 76 768 154
768 76 769 -154
769 76 770 154
770 76 771 -154
771 77 772 156
772 77 773 -156
773 77 774 156
774 77 775 -156
775 77 776 156
776 77 777 -156
777 77 778 156
778 77 779 -156
779 77 780 156
780 77 781 -156
781 78 782 158
782 78 783 -158
783 78 784 158
784 78 785 -158
785 78 786 158
786 78 787 -158
787 78 788 158
788 78 789 -158
789 78 790 158
790 78 791 -158
791 79 792 160
792 79 793 -160
793 79 794 160
794 79 795 -160
795 79 796 160
796 79 797 -160
797 79 798 160
798 79 799 -160
799 79 800 160
800 79 801 -160
801 80 802 162
802 80 803 -162
803 80 804 162
804 80 805 -162
805 80 806 162
806 80 807 -162
807 80 808 162
808 80 809 -162
809 80 810 162
810 80 811 -162
811 81 812 164
812 81 813 -164
813 81 814 164
814 81 815 -164
815 81 816 164
816 81 817 -164
817 81 818 164
818 81 819 -164
819 81 820 164
820 81 821 -164
821 82 822 166
822 82 823 -166
823 82 824 166
824 82 825 -166
825 82 826 166
826 82 827 -166
827 82 828 166
828 82 829 -166
829 82 830 166
830 82 831 -166
831 83 832 168
832 83 833 -168
833 83 834 168
834 83 835 -168
835 83 836 168
836 83 837 -168
837 83 838 168
838 83 839 -168
839 83 840 168
840 83 841 -168
841 84 842 170
842 84 843 -170
843 84 844 170
844 84 845 -170
845 84 846 170
846 84 847 -170
847 84 848 170
848 84 849 -170
849 84 850 170
850 84 851 -170
851 85 852 172
852 85 853 -172
853 85 854 172
854 85 855 -172
855 85 856 172
856 85 857 -172
857 85 858 172
858 85 859 -172
859 85 860 172
860 85 861 -172
861 86 862 174
862 86 863 -174
863 86 864 174
864 86 865 -174
865 86 866 174
866 86 867 -174
867 86 868 174
868 86 869 -174
869 86 870 174
870 86 871 -174
871 87 872 176
872 87 873 -176
873 87 874 176
874 87 875 -176
875 87 876 176
876 87 877 -176
877 87 878 176
878 87 879 -176
879 87 880 176
880 87 881 -176
881 88 882 178
882 88 883 -178
883 88 884 178
884 88 885 -178
885 88 886 178
886 88 887 -178
887 88 888 178
888 88 889 -178
889 88 890 178
890 88 891 -178
891 89 892 180
892 89 893 -180
893 89 894 180
894 89 895 -180
895 89 896 180
896 89 897 -180
897 89 898 180
898 89 899 -180
899 89 900 180
900 89 901 -180
901 90 902 182
902 90 903 -182
903 90 904 182
904 90 905 -182
905 90 906 182
906 90 907 -182
907 90 908 182
908 90 909 -182
909 90 910 182
910 90 911 -182
911 91 912 184
912 91 913 -184
913 91 914 184
914 91 915 -184
915 91 916 184
916 91 917 -184
917 91 918 184
918 91 919 -184
919 91 920 184
920 91 921 -184
921 92 922 186
922 92 923 -186
923 92 924 186
924 92 925 -186
925 92 926 186
926 92 927 -186
927 92 928 186
928 92 929 -186
929 92 930 186
930 92 931 -186
931 93 932 188
932 93 933 -188
933 93 934 188
934 93 935 -188
935 93 936 188
936 93 937 -188
937 93 938 188
938 93 939 -188
939 93 940 188
940 93 941 -188
941 94 942 190
942 94 943 -190
943 94 944 190
944 94 945 -190
945 94 946 190
946 94 947 -190
947 94 948 190
948 94 949 -190
949 94 950 190
950 94 951 -190
951 95 952 192
952 95 953 -192
953 95 954 192
954 95 955 -192
955 95 956 192
956 95 957 -192
957 95 958 192
958 95 959 -192
959 95 960 192
960 95 961 -192
961 96 962 194
962 96 963 -194
963 96 964 194
964 96 965 -194
965 96 966 194
966 96 967 -194
967 96 968 194
968 96 969 -194
969 96 970 194
970 96 971 -194
971 97 972 196
972 97 973 -196
973 97 974 196
974 97 975 -196
975 97 976 196
976 97 977 -196
977 97 978 196
978 97 979 -196
979 97 980 196
980 97 981 -196
981 98 982 198
982 98 983 -198
983 98 984 198
984 98 985 -198
985 98 986 198
986 98 987 -198
987 98 988 198
988 98 989 -198
989 98 990 198
990 98 991 -198
991 99 992 200
992 99 993 -200
993 99 994 200
994 99 995 -200
995 99 996 200
996 99 997 -200
997 99 998 200
998 99 999 -200
