---
4
0 0 1 3
1 0 2 3
2 1 3 -3,
---
6 1
2


---
6
0 0 1 3
1 0 2 3
2 1 5 -3
3 1 3 -8
4 3 4 -7
---
6 2
2 3


---
8
0 0 1 15
1 1 2 -1
3 2 3 5
4 3 5 -9
5 5 4 5
6 2 7 -5
7 3 9 10
--
29 2
4 6

12
0 0 1 2
1 1 2 -6
2 2 3 -2
3 4 2 8
4 0 5 5
5 5 6 -5
6 6 7 2
7 8 6 2
8 5 9 3
9 5 10 3
10 10 11 -2
---
15 3
2 5 10


10
0 0 1 2
1 1 2 2
2 1 3 5
3 4 3 -15
4 3 5 -35
5 5 6 20
6 6 7 30
7 8 7 35
8 9 8 35
--
94 1
3


5
0 0 1 3
1 1 2 -20
2 2 3 4
3 3 4 4
--
3 1
1


8
0 0 1 15
1 1 2 -1
3 2 3 5
4 3 5 -9
5 5 4 5
6 2 7 -5
7 3 9 10
14 2
3 6
0 (-1 - -1) (0) (0) (0)
1 (0 - 0) (0) (0) (15)
2 (1 - 0) (1) (0) (-1)
7 (2 - 1) (6) (1) (-5)
3 (2 - 1) (3) (1) (5)
9 (3 - 3) (7) (1) (10)
5 (3 - 3) (4) (1) (-9)

5
0 0 1 3
1 1 2 -20
2 2 3 4
3 3 4 4
3 1
1
0 (-1 - -1) (0) (0) (0)
1 (0 - 0) (0) (0) (3)
2 (1 - 0) (1) (1) (-20)
3 (2 - 1) (2) (1) (4)
4 (3 - 2) (3) (1) (4)

12
0 0 1 2
1 1 2 -6
2 2 3 -2
3 4 2 8
4 0 5 5
5 5 6 -5
6 6 7 2
7 8 6 2
8 5 9 3
9 5 10 3
10 10 11 -2
10 3
1 6 10
0 (-1 - -1) (0) (0) (0)
5 (0 - 0) (4) (0) (5)
10 (5 - 4) (9) (0) (3)
11 (10 - 9) (10) (1) (-2)
9 (5 - 4) (8) (0) (3)
6 (5 - 4) (5) (0) (-5)
8 (6 - 5) (7) (0) (2)
7 (6 - 5) (6) (1) (2)
1 (0 - 0) (0) (0) (2)
2 (1 - 0) (1) (1) (-6)
4 (2 - 1) (3) (1) (8)
3 (2 - 1) (2) (1) (-2)